1 0.58203125 0.4859375 0.06875 0.05078125
1 0.3578125 0.67734375 0.06640625 0.0421875
1 0.665625 0.68984375 0.0671875 0.05
1 0.90625 0.7609375 0.0765625 0.07109375
1 0.38359375 0.94140625 0.06796875 0.04765625
2 0.2390625 0.8734375 0.0734375 0.0484375
2 0.52109375 0.72890625 0.0515625 0.03984375
3 0.40859375 0.825 0.0234375 0.0125
3 0.815625 0.81640625 0.03046875 0.0140625
3 0.5421875 0.61328125 0.03203125 0.01484375
3 0.74375 0.44296875 0.0375 0.021875
2 0.7796875 0.40234375 0.06484375 0.0421875
0 0.875 0.553125 0.19375 0.16015625
2 0.809375 0.86796875 0.05078125 0.04609375
3 0.26875 0.5421875 0.025 0.01875
2 0.31640625 0.55234375 0.05546875 0.05