1 0.5859375 0.4875 0.0703125 0.0453125
1 0.3609375 0.67734375 0.06953125 0.0484375
1 0.66171875 0.6875 0.06640625 0.0578125
0 0.25 0.7546875 0.12421875 0.08359375
0 0.8703125 0.553125 0.203125 0.15703125
2 0.7859375 0.40234375 0.078125 0.03828125
3 0.54453125 0.615625 0.034375 0.01640625
3 0.26328125 0.53828125 0.02265625 0.01796875
2 0.31328125 0.55390625 0.05859375 0.04453125
2 0.53046875 0.7296875 0.05703125 0.04453125
2 0.81484375 0.87265625 0.06171875 0.05234375
2 0.2390625 0.875 0.046875 0.0359375
3 0.40703125 0.82578125 0.0328125 0.02890625