1 0.59140625 0.49140625 0.07421875 0.05
1 0.3640625 0.68046875 0.06171875 0.05703125
1 0.66875 0.6875 0.05 0.0484375
1 0.38515625 0.94453125 0.05703125 0.0421875
2 0.234375 0.8765625 0.07890625 0.03046875
2 0.525 0.7234375 0.06640625 0.04375
2 0.81328125 0.86796875 0.06484375 0.040625
2 0.31640625 0.553125 0.06015625 0.04765625
2 0.78046875 0.40234375 0.05703125 0.04765625
0 0.87578125 0.55546875 0.20234375 0.17421875
3 0.265625 0.540625 0.0265625 0.0203125
3 0.54375 0.6109375 0.0234375 0.01484375
0 0.24765625 0.753125 0.109375 0.0796875
3 0.409375 0.821875 0.028125 0.0203125
3 0.81640625 0.81875 0.02421875 0.021875