1 0.59140625 0.48984375 0.05859375 0.0484375
1 0.3609375 0.678125 0.0640625 0.040625
1 0.6703125 0.68984375 0.07265625 0.0484375
0 0.24453125 0.75390625 0.103125 0.07109375
0 0.58046875 0.8421875 0.15 0.08671875
0 0.87734375 0.5515625 0.2 0.1546875
3 0.540625 0.6140625 0.025 0.015625
3 0.26875 0.54296875 0.028125 0.01953125
2 0.77890625 0.4 0.07578125 0.04296875
2 0.52734375 0.734375 0.071875 0.04921875
2 0.25 0.87734375 0.05234375 0.04765625
2 0.8046875 0.87109375 0.053125 0.05546875
3 0.409375 0.82421875 0.025 0.0125
2 0.3140625 0.55546875 0.04609375 0.04765625