1 0.58984375 0.49140625 0.071875 0.05390625
1 0.35859375 0.678125 0.08828125 0.0453125
1 0.66328125 0.6890625 0.0640625 0.06015625
1 0.3875 0.94453125 0.06328125 0.0484375
2 0.24453125 0.878125 0.071875 0.04765625
2 0.52421875 0.728125 0.05859375 0.0421875
2 0.81171875 0.86953125 0.05546875 0.0375
2 0.31328125 0.5546875 0.05625 0.04140625
2 0.78203125 0.403125 0.059375 0.05078125
3 0.26875 0.54140625 0.0328125 0.01953125
3 0.54140625 0.61640625 0.02109375 0.01796875
3 0.409375 0.82578125 0.0234375 0.02265625
0 0.26171875 0.759375 0.1390625 0.06328125
0 0.57265625 0.840625 0.1578125 0.090625
0 0.86875 0.553125 0.20703125 0.1640625
3 0.815625 0.81875 0.0234375 0.01953125