1 0.5890625 0.49140625 0.0734375 0.04609375
1 0.35703125 0.6765625 0.06328125 0.0421875
1 0.66484375 0.6890625 0.06328125 0.05703125
1 0.91015625 0.75390625 0.06328125 0.05859375
1 0.39296875 0.94921875 0.06796875 0.04765625
2 0.23359375 0.87734375 0.05078125 0.04609375
2 0.52421875 0.7296875 0.0515625 0.0421875
2 0.8140625 0.871875 0.053125 0.04765625
2 0.32109375 0.55703125 0.0765625 0.046875
2 0.778125 0.4 0.053125 0.05234375
3 0.746875 0.44375 0.03203125 0.01640625
3 0.26796875 0.53984375 0.01875 0.015625
3 0.54296875 0.6140625 0.01875 0.01484375
3 0.409375 0.8265625 0.0203125 0.02109375
3 0.81796875 0.81953125 0.03203125 0.01796875
0 0.57578125 0.840625 0.1578125 0.0921875
0 0.25234375 0.76015625 0.11328125 0.084375
0 0.87578125 0.5484375 0.17421875 0.15234375