1 0.5921875 0.490625 0.06640625 0.04453125
1 0.3625 0.68203125 0.0703125 0.05546875
1 0.66640625 0.684375 0.084375 0.0453125
1 0.90234375 0.753125 0.05859375 0.05546875
1 0.3859375 0.94296875 0.06484375 0.0515625
2 0.246875 0.87734375 0.06875 0.03984375
2 0.52890625 0.72890625 0.05078125 0.0421875
2 0.81015625 0.86484375 0.0640625 0.0328125
0 0.5765625 0.83515625 0.1421875 0.08046875
0 0.246875 0.7578125 0.1125 0.07734375
0 0.4703125 0.55625 0.05390625 0.11953125
0 0.8796875 0.55703125 0.18671875 0.16953125
3 0.74140625 0.44140625 0.03671875 0.0234375
3 0.54140625 0.615625 0.028125 0.0203125
3 0.409375 0.82578125 0.02421875 0.01875
3 0.81796875 0.82109375 0.0296875 0.025
2 0.778125 0.39921875 0.06796875 0.05
3 0.26796875 0.540625 0.028125 0.0234375
2 0.31875 0.5546875 0.0640625 0.046875