0 0.4640625 0.55703125 0.065625 0.12421875
0 0.8765625 0.5484375 0.1921875 0.1578125
2 0.7859375 0.4015625 0.08125 0.05
2 0.5296875 0.73046875 0.04453125 0.05
2 0.81328125 0.871875 0.04609375 0.04296875
0 0.82265625 0.79921875 0.09921875 0.096875
0 0.578125 0.8359375 0.14765625 0.0859375
3 0.40859375 0.82421875 0.03984375 0.0171875
2 0.315625 0.55390625 0.0765625 0.053125
0 0.2390625 0.7515625 0.1078125 0.07109375
2 0.24609375 0.87734375 0.05859375 0.0421875
1 0.659375 0.68515625 0.0734375 0.04921875