2 0.3125 0.553125 0.05234375 0.05
2 0.52421875 0.73203125 0.05078125 0.0375
2 0.2453125 0.87578125 0.06796875 0.0359375
2 0.8125 0.86875 0.05546875 0.04453125
0 0.82109375 0.7953125 0.10859375 0.0984375
0 0.25234375 0.75859375 0.11796875 0.0703125
0 0.4625 0.55234375 0.040625 0.11953125
0 0.87265625 0.5515625 0.20078125 0.1578125
2 0.78203125 0.4 0.04765625 0.04140625
1 0.5875 0.4875 0.06796875 0.0453125
1 0.66171875 0.68984375 0.05390625 0.05625
3 0.26484375 0.54140625 0.02421875 0.01953125
3 0.40859375 0.8265625 0.02578125 0.01796875
0 0.57265625 0.840625 0.14765625 0.0875