1 0.5859375 0.48828125 0.0734375 0.046875
1 0.35625 0.68046875 0.065625 0.04765625
1 0.66953125 0.690625 0.0734375 0.05
3 0.5453125 0.61640625 0.03046875 0.01640625
3 0.26640625 0.53671875 0.0296875 0.01796875
3 0.4078125 0.82734375 0.03359375 0.02734375
0 0.46796875 0.5578125 0.0625 0.125
0 0.8703125 0.5484375 0.1984375 0.1609375
2 0.31484375 0.553125 0.05859375 0.040625
2 0.528125 0.73046875 0.0640625 0.03984375
2 0.81171875 0.87109375 0.0546875 0.03984375
2 0.23984375 0.87421875 0.07109375 0.0453125
0 0.57890625 0.8375 0.1453125 0.08828125
0 0.25 0.753125 0.11328125 0.06796875
0 0.8234375 0.80078125 0.09609375 0.08828125
2 0.775 0.40078125 0.05234375 0.04453125