0 0.69921875 0.440625 0.11796875 0.2046875
1 0.19140625 0.7 0.07265625 0.0546875
1 0.64609375 0.68828125 0.06953125 0.0484375
1 0.728125 0.8671875 0.06875 0.05703125
3 0.4671875 0.9 0.03515625 0.021875
3 0.5609375 0.62734375 0.02421875 0.01953125
3 0.2390625 0.6609375 0.028125 0.0234375
3 0.49765625 0.41875 0.02578125 0.015625
1 0.47421875 0.51640625 0.07734375 0.0546875
1 0.83046875 0.5296875 0.06640625 0.0484375
2 0.95390625 0.5421875 0.07265625 0.04609375
3 0.8765625 0.65078125 0.03125 0.01953125