1 0.4734375 0.5171875 0.06171875 0.05078125
1 0.8296875 0.528125 0.05390625 0.0421875
1 0.65625 0.6890625 0.0546875 0.05
1 0.2015625 0.70078125 0.05546875 0.0609375
3 0.23828125 0.65859375 0.028125 0.01484375
3 0.55859375 0.6265625 0.02890625 0.021875
3 0.8765625 0.64921875 0.0375 0.01328125
2 0.95546875 0.5453125 0.0734375 0.028125
0 0.69453125 0.44140625 0.1171875 0.2078125
3 0.5 0.42109375 0.0296875 0.01796875
3 0.4671875 0.8984375 0.02578125 0.02578125
1 0.721875 0.86875 0.059375 0.0578125
2 0.815625 0.93203125 0.05859375 0.03671875