1 0.47578125 0.51484375 0.08359375 0.05078125
1 0.64921875 0.69140625 0.065625 0.0515625
1 0.821875 0.52578125 0.0640625 0.059375
0 0.69296875 0.434375 0.1234375 0.20234375
1 0.1875 0.70234375 0.06015625 0.05078125
1 0.7296875 0.86640625 0.06875 0.06796875
2 0.80625 0.9296875 0.06875 0.04921875
3 0.46640625 0.9 0.028125 0.02109375
3 0.875 0.65 0.034375 0.0234375
3 0.56015625 0.625 0.0296875 0.01953125
2 0.51015625 0.7140625 0.06171875 0.03203125
2 0.94921875 0.54453125 0.06484375 0.0375
3 0.49765625 0.41875 0.03203125 0.01640625
3 0.24609375 0.6578125 0.03359375 0.01640625