2 0.30859375 0.4390625 0.07265625 0.04296875
1 0.47421875 0.5125 0.08984375 0.0515625
1 0.82578125 0.51796875 0.06875 0.05625
1 0.64296875 0.6921875 0.0609375 0.0671875
1 0.19609375 0.69609375 0.0671875 0.053125
2 0.8109375 0.93125 0.05390625 0.04140625
2 0.50859375 0.71484375 0.07109375 0.0484375
2 0.95546875 0.54609375 0.0578125 0.02734375
0 0.6984375 0.43671875 0.11640625 0.19921875
3 0.50078125 0.4203125 0.02734375 0.02109375
3 0.5609375 0.6234375 0.0265625 0.01796875
3 0.2421875 0.65859375 0.02890625 0.01796875
3 0.465625 0.89765625 0.025 0.01796875