1 0.4734375 0.51640625 0.06171875 0.05
1 0.19375 0.7015625 0.06640625 0.05625
1 0.6484375 0.6921875 0.06328125 0.0390625
1 0.82578125 0.51875 0.0671875 0.06640625
2 0.95703125 0.5421875 0.059375 0.0453125
2 0.309375 0.4390625 0.071875 0.046875
2 0.5125 0.71640625 0.0609375 0.0390625
2 0.39375 0.80625 0.08359375 0.05390625
1 0.71640625 0.86953125 0.0640625 0.05703125
2 0.8125 0.9375 0.06796875 0.04609375
0 0.69296875 0.43671875 0.11640625 0.19765625
3 0.559375 0.62109375 0.03046875 0.0140625
3 0.23984375 0.659375 0.02734375 0.015625
3 0.4671875 0.9015625 0.01953125 0.02421875
3 0.5 0.41953125 0.02421875 0.015625
3 0.87421875 0.6515625 0.02109375 0.02109375