0 0.4703125 0.55859375 0.04296875 0.11171875
0 0.87578125 0.55234375 0.2078125 0.17265625
0 0.24921875 0.76171875 0.10859375 0.071875
0 0.578125 0.840625 0.146875 0.08671875
0 0.80859375 0.88671875 0.0796875 0.1046875
1 0.90625 0.76015625 0.0578125 0.0578125
1 0.67578125 0.68828125 0.053125 0.03828125
1 0.35390625 0.67734375 0.06953125 0.03046875
1 0.58984375 0.4890625 0.06328125 0.05234375
1 0.39921875 0.9421875 0.0546875 0.05078125
2 0.2546875 0.875 0.065625 0.04375
3 0.40546875 0.8265625 0.02734375 0.01640625
3 0.5453125 0.61953125 0.02421875 0.01953125
3 0.81953125 0.82421875 0.02734375 0.0171875
3 0.2703125 0.53984375 0.02890625 0.01796875
3 0.7484375 0.44140625 0.02890625 0.01875