3 0.26796875 0.54296875 0.04609375 0.02109375
3 0.546875 0.61796875 0.025 0.02734375
3 0.4109375 0.8234375 0.01953125 0.02265625
3 0.8234375 0.81953125 0.03515625 0.0203125
1 0.39609375 0.94453125 0.0546875 0.0546875
1 0.35625 0.67734375 0.07734375 0.0421875
1 0.65390625 0.68515625 0.07265625 0.046875
1 0.58828125 0.49296875 0.0625 0.0484375
0 0.46640625 0.55625 0.04140625 0.1140625
0 0.87890625 0.54921875 0.19921875 0.1625
2 0.240625 0.87890625 0.05625 0.03671875
0 0.25546875 0.76171875 0.115625 0.065625
0 0.5796875 0.84453125 0.159375 0.09296875