1 0.5921875 0.49296875 0.06640625 0.05234375
1 0.66875 0.69375 0.05234375 0.0546875
1 0.9140625 0.75859375 0.0546875 0.04765625
1 0.359375 0.67734375 0.07265625 0.03984375
0 0.26328125 0.7625 0.12421875 0.071875
0 0.87265625 0.54921875 0.20546875 0.1546875
3 0.74765625 0.44453125 0.0421875 0.02265625
3 0.5453125 0.6171875 0.02734375 0.01328125
3 0.4109375 0.8265625 0.01796875 0.0140625
3 0.81640625 0.81796875 0.021875 0.015625
2 0.240625 0.87890625 0.0515625 0.04609375
1 0.390625 0.94453125 0.053125 0.04765625
2 0.81171875 0.871875 0.059375 0.046875
3 0.2703125 0.540625 0.03359375 0.021875