1 0.58828125 0.4953125 0.07265625 0.046875
1 0.6609375 0.69296875 0.04609375 0.0421875
1 0.35859375 0.68515625 0.07421875 0.04296875
0 0.46484375 0.55625 0.0421875 0.11015625
0 0.8734375 0.55078125 0.196875 0.16015625
0 0.25 0.75703125 0.10703125 0.08046875
0 0.5765625 0.840625 0.15078125 0.0921875
3 0.4109375 0.8265625 0.02734375 0.01796875
3 0.5421875 0.61796875 0.03203125 0.02890625
3 0.26484375 0.5421875 0.02109375 0.01953125
2 0.81640625 0.87109375 0.05625 0.03671875
2 0.24375 0.8765625 0.040625 0.03359375