0 0.47109375 0.5640625 0.059375 0.1265625
0 0.871875 0.55625 0.23359375 0.165625
0 0.56953125 0.83828125 0.13203125 0.09765625
0 0.253125 0.75546875 0.1109375 0.06875
3 0.40703125 0.82421875 0.01796875 0.0109375
3 0.53984375 0.61640625 0.02421875 0.01328125
3 0.271875 0.54296875 0.03359375 0.01953125
3 0.81484375 0.81796875 0.025 0.01640625
2 0.8125 0.86796875 0.06015625 0.0421875
1 0.396875 0.95 0.059375 0.04921875
1 0.66484375 0.6921875 0.06015625 0.05703125
1 0.35390625 0.67578125 0.06328125 0.04375
2 0.2359375 0.87734375 0.05859375 0.03828125
1 0.59296875 0.490625 0.0734375 0.04296875