1 0.3609375 0.675 0.06875 0.03125
1 0.6703125 0.68984375 0.06640625 0.0640625
1 0.5890625 0.48984375 0.06171875 0.03828125
0 0.4671875 0.55546875 0.059375 0.11640625
0 0.875 0.55234375 0.1890625 0.15546875
0 0.2546875 0.7609375 0.1109375 0.0703125
0 0.8203125 0.79453125 0.10078125 0.096875
0 0.57265625 0.83984375 0.146875 0.08671875
2 0.24609375 0.8765625 0.07890625 0.03671875
2 0.8125 0.8734375 0.0546875 0.040625
3 0.409375 0.82578125 0.02734375 0.0203125
3 0.5453125 0.615625 0.02421875 0.01875
3 0.26796875 0.54140625 0.028125 0.01953125