1 0.5890625 0.4890625 0.059375 0.04453125
1 0.66328125 0.69296875 0.0546875 0.0546875
1 0.35625 0.67578125 0.059375 0.04140625
1 0.90625 0.7546875 0.0703125 0.04921875
3 0.82109375 0.821875 0.03828125 0.01640625
3 0.5390625 0.615625 0.03046875 0.01953125
3 0.26953125 0.53984375 0.025 0.02421875
3 0.4078125 0.8234375 0.0265625 0.02890625
3 0.74609375 0.44453125 0.025 0.02109375
2 0.78203125 0.4015625 0.0765625 0.03828125
2 0.2421875 0.87578125 0.05625 0.0375
2 0.82109375 0.8734375 0.07265625 0.03671875
1 0.38125 0.94609375 0.071875 0.0515625
0 0.8734375 0.5515625 0.1953125 0.18203125