1 0.59375 0.48828125 0.084375 0.0484375
1 0.35078125 0.6796875 0.08359375 0.03359375
1 0.6671875 0.69296875 0.06953125 0.05
1 0.90546875 0.75703125 0.04921875 0.0609375
0 0.8734375 0.54921875 0.2015625 0.1640625
0 0.2484375 0.75859375 0.1078125 0.07734375
1 0.38828125 0.95 0.07890625 0.04296875
2 0.25078125 0.8796875 0.0453125 0.04453125
2 0.81953125 0.871875 0.07265625 0.0375
2 0.78359375 0.4 0.06875 0.03203125
3 0.27109375 0.54140625 0.0265625 0.01953125
3 0.54609375 0.6140625 0.02421875 0.01875
3 0.7453125 0.44140625 0.03203125 0.02109375
3 0.4109375 0.8265625 0.0265625 0.021875
3 0.81796875 0.8171875 0.025 0.02578125