1 0.590625 0.48828125 0.0625 0.04375
1 0.6671875 0.690625 0.06015625 0.0546875
1 0.3609375 0.678125 0.07890625 0.0453125
0 0.24921875 0.7578125 0.12578125 0.07734375
0 0.8703125 0.546875 0.20546875 0.1578125
0 0.5734375 0.840625 0.16328125 0.09296875
2 0.2390625 0.8828125 0.06015625 0.0609375
2 0.8109375 0.86796875 0.053125 0.03203125
2 0.78359375 0.40234375 0.06640625 0.03125
3 0.54375 0.6171875 0.02890625 0.01953125
3 0.26953125 0.5390625 0.02109375 0.0140625
3 0.41328125 0.82421875 0.034375 0.02265625