0 0.4609375 0.5546875 0.04765625 0.1140625
0 0.88203125 0.5515625 0.18203125 0.16640625
0 0.2484375 0.75390625 0.1015625 0.07109375
0 0.57265625 0.84140625 0.15 0.0953125
3 0.4109375 0.828125 0.03359375 0.02109375
1 0.3546875 0.67734375 0.06640625 0.040625
1 0.66640625 0.6890625 0.05546875 0.04921875
1 0.59140625 0.4875 0.07265625 0.05078125
3 0.53984375 0.61796875 0.0359375 0.02578125
3 0.26328125 0.54140625 0.03203125 0.01953125
2 0.23828125 0.87890625 0.04921875 0.04453125
2 0.809375 0.865625 0.06015625 0.04140625
2 0.78359375 0.40546875 0.0453125 0.0453125