1 0.3640625 0.68125 0.08125 0.03359375
1 0.66875 0.69375 0.0578125 0.046875
1 0.60078125 0.484375 0.06015625 0.0671875
1 0.91015625 0.75703125 0.06171875 0.040625
0 0.86640625 0.546875 0.21953125 0.16875
0 0.25859375 0.759375 0.11953125 0.07890625
0 0.46484375 0.55078125 0.02890625 0.11171875
0 0.57421875 0.83984375 0.15703125 0.0921875
1 0.38984375 0.946875 0.05625 0.0375
2 0.24296875 0.878125 0.06328125 0.0421875
2 0.81640625 0.87734375 0.06640625 0.0390625
2 0.77734375 0.40390625 0.0796875 0.0421875
3 0.54375 0.61796875 0.025 0.015625
3 0.26484375 0.5390625 0.028125 0.01328125
3 0.74609375 0.44375 0.025 0.01953125
3 0.4078125 0.82109375 0.028125 0.0234375
3 0.82109375 0.82265625 0.02109375 0.0171875