1 0.359375 0.68359375 0.06484375 0.03046875
1 0.6734375 0.6921875 0.04765625 0.03671875
1 0.59375 0.49296875 0.0703125 0.046875
0 0.46015625 0.56015625 0.05625 0.12578125
0 0.86640625 0.55 0.2109375 0.16328125
0 0.246875 0.7578125 0.11484375 0.07265625
0 0.8265625 0.7953125 0.1171875 0.0953125
0 0.58203125 0.840625 0.15390625 0.0921875
3 0.54296875 0.615625 0.02421875 0.01796875
3 0.26953125 0.540625 0.025 0.01953125
3 0.41015625 0.82265625 0.021875 0.021875
2 0.24921875 0.8734375 0.05 0.05
2 0.81953125 0.87421875 0.07265625 0.04375
2 0.7875 0.40078125 0.065625 0.04375
1 0.403125 0.95390625 0.07265625 0.06171875