1 0.35703125 0.6796875 0.0671875 0.0390625
1 0.6703125 0.6890625 0.06640625 0.04765625
1 0.59921875 0.496875 0.06640625 0.03984375
1 0.91484375 0.76640625 0.040625 0.05390625
0 0.81796875 0.79765625 0.10703125 0.096875
0 0.57265625 0.8375 0.14921875 0.0859375
0 0.25703125 0.7578125 0.11484375 0.07578125
0 0.46328125 0.553125 0.0515625 0.1109375
3 0.54140625 0.6125 0.03046875 0.02109375
3 0.26953125 0.54140625 0.03359375 0.0203125
3 0.4125 0.825 0.02890625 0.01796875
3 0.7453125 0.44453125 0.02421875 0.01640625
2 0.78359375 0.39921875 0.07265625 0.04609375
2 0.24765625 0.87734375 0.06171875 0.0453125
2 0.8203125 0.86796875 0.0625 0.034375
1 0.39375 0.94609375 0.06328125 0.046875