1 0.6625 0.68671875 0.06015625 0.05625
1 0.584375 0.49375 0.07265625 0.05625
1 0.3546875 0.675 0.0765625 0.0421875
1 0.39140625 0.94765625 0.0546875 0.0484375
2 0.234375 0.8859375 0.05078125 0.0359375
2 0.52109375 0.72265625 0.06796875 0.0390625
3 0.546875 0.6203125 0.02890625 0.0125
3 0.26875 0.540625 0.04453125 0.02734375
3 0.41171875 0.82734375 0.03515625 0.02421875
3 0.8203125 0.82421875 0.02578125 0.025
2 0.82265625 0.87109375 0.0859375 0.02890625
0 0.8671875 0.546875 0.20078125 0.16484375
2 0.78203125 0.40390625 0.0703125 0.04296875