1 0.590625 0.48671875 0.05625 0.03671875
1 0.6703125 0.6890625 0.059375 0.03828125
1 0.359375 0.6796875 0.07890625 0.0390625
0 0.26015625 0.759375 0.134375 0.06875
0 0.875 0.5515625 0.20625 0.15703125
2 0.53125 0.73203125 0.0515625 0.04296875
2 0.23515625 0.878125 0.0515625 0.03984375
2 0.81796875 0.87421875 0.0703125 0.0421875
3 0.41171875 0.8265625 0.025 0.01640625
3 0.5453125 0.62109375 0.021875 0.0203125
3 0.27578125 0.54296875 0.03828125 0.02421875
2 0.78671875 0.4015625 0.06171875 0.0484375