1 0.35390625 0.6765625 0.08671875 0.05234375
1 0.6609375 0.68828125 0.07109375 0.059375
1 0.58984375 0.484375 0.08984375 0.05546875
1 0.9078125 0.76171875 0.0765625 0.071875
0 0.87265625 0.55 0.19375 0.16875
0 0.25078125 0.76015625 0.121875 0.07734375
2 0.51796875 0.73359375 0.06640625 0.0546875
2 0.24140625 0.88125 0.07890625 0.0640625
1 0.39140625 0.94609375 0.0796875 0.05546875
3 0.4140625 0.8265625 0.03984375 0.0203125
3 0.8203125 0.81953125 0.028125 0.02109375
2 0.8015625 0.8671875 0.08203125 0.0484375
3 0.5390625 0.6171875 0.05234375 0.02734375
3 0.2625 0.53671875 0.0359375 0.0234375
2 0.790625 0.4125 0.06015625 0.046875