0 0.46953125 0.553125 0.03828125 0.109375
0 0.87578125 0.55078125 0.18671875 0.16484375
1 0.58515625 0.4859375 0.0796875 0.05234375
1 0.6625 0.68984375 0.065625 0.053125
1 0.3609375 0.67578125 0.0703125 0.046875
1 0.25625 0.759375 0.13203125 0.075
2 0.5296875 0.72734375 0.0671875 0.0421875
2 0.81171875 0.8703125 0.06171875 0.0359375
2 0.25234375 0.87890625 0.06171875 0.04140625
0 0.5734375 0.8390625 0.16328125 0.09375
3 0.40625 0.8265625 0.021875 0.0171875
3 0.546875 0.61328125 0.03046875 0.02109375
3 0.26953125 0.54140625 0.03359375 0.02109375
2 0.78046875 0.39921875 0.059375 0.05234375