0 0.46796875 0.5609375 0.0453125 0.1203125
0 0.87265625 0.55234375 0.2015625 0.1625
0 0.25078125 0.7625 0.11015625 0.07421875
0 0.5765625 0.83984375 0.15078125 0.0875
2 0.5265625 0.73359375 0.06171875 0.046875
2 0.24609375 0.87578125 0.0421875 0.04375
1 0.35859375 0.68046875 0.0765625 0.04453125
1 0.66875 0.69609375 0.06328125 0.05703125
1 0.91015625 0.753125 0.0625 0.05625
2 0.82109375 0.86953125 0.0578125 0.04609375
1 0.38984375 0.94921875 0.06953125 0.0484375
3 0.4125 0.82578125 0.028125 0.02109375
3 0.54375 0.61875 0.02890625 0.01796875
3 0.83046875 0.82265625 0.03515625 0.02109375
1 0.58984375 0.48984375 0.0734375 0.05234375
3 0.75078125 0.44296875 0.01796875 0.01953125