3 0.271875 0.5421875 0.03125 0.02109375
3 0.54375 0.615625 0.03046875 0.02109375
3 0.4109375 0.8265625 0.0265625 0.02265625
0 0.5765625 0.8390625 0.15625 0.084375
0 0.8234375 0.80234375 0.10859375 0.09921875
0 0.87578125 0.55546875 0.190625 0.1609375
0 0.45859375 0.55546875 0.05859375 0.1109375
0 0.25078125 0.7609375 0.10546875 0.07734375
2 0.2453125 0.87734375 0.06328125 0.0453125
2 0.5359375 0.734375 0.05625 0.0515625
2 0.81953125 0.875 0.071875 0.02890625
1 0.35546875 0.675 0.0703125 0.04375
1 0.6671875 0.6890625 0.05625 0.053125
1 0.5953125 0.49140625 0.0625 0.04921875
2 0.78125 0.40234375 0.0703125 0.03984375